BODIES
id, mass, x, y, Vx, Vy, moves
0, 1.989000e+30, 0.000000e+00, 0.000000e+00, 0.000000e+00, 0.000000e+00, 1
1, 5.972000e+24, 1.500000e+11, 0.000000e+00, 0.000000e+00, 2.985000e+04, 1
STEPSIZE: 8.640000e+04 sec
MOTION
timestep, id, x, y, Vx, Vy
0, 0, 6.612116e+01, 0.000000e+00, 1.530583e-03, 0.000000e+00
0, 1, 1.499780e+11, 2.579040e+09, -5.097670e+02, 2.985000e+04
1, 0, 2.644748e+02, 1.136857e+00, 3.060936e-03, 2.631614e-05
1, 1, 1.499119e+11, 5.157701e+09, -1.019458e+03, 2.984124e+04
2, 0, 5.950211e+02, 5.684099e+00, 4.590601e-03, 7.894408e-05
2, 1, 1.498018e+11, 7.735227e+09, -1.528919e+03, 2.982371e+04
3, 0, 1.057681e+03, 1.591452e+01, 6.119118e-03, 1.578712e-04
3, 1, 1.496477e+11, 1.031086e+10, -2.037998e+03, 2.979742e+04
4, 0, 1.652335e+03, 3.409947e+01, 7.646029e-03, 2.630767e-04
4, 1, 1.494497e+11, 1.288384e+10, -2.546542e+03, 2.976238e+04
5, 0, 2.378826e+03, 6.250814e+01, 9.170874e-03, 3.945314e-04
5, 1, 1.492077e+11, 1.545342e+10, -3.054399e+03, 2.971860e+04
6, 0, 3.236953e+03, 1.034069e+02, 1.069319e-02, 5.521979e-04
6, 1, 1.489219e+11, 1.801884e+10, -3.561414e+03, 2.966609e+04
7, 0, 4.226481e+03, 1.590583e+02, 1.221253e-02, 7.360305e-04
7, 1, 1.485924e+11, 2.057934e+10, -4.067436e+03, 2.960486e+04
8, 0, 5.347130e+03, 2.317210e+02, 1.372843e-02, 9.459750e-04
8, 1, 1.482191e+11, 2.313418e+10, -4.572311e+03, 2.953494e+04
9, 0, 6.598585e+03, 3.236481e+02, 1.524043e-02, 1.181969e-03
9, 1, 1.478023e+11, 2.568261e+10, -5.075889e+03, 2.945634e+04
10, 0, 7.980487e+03, 4.370875e+02, 1.674807e-02, 1.443942e-03
10, 1, 1.473421e+11, 2.822387e+10, -5.578015e+03, 2.936909e+04
11, 0, 9.492443e+03, 5.742802e+02, 1.825090e-02, 1.731815e-03
11, 1, 1.468385e+11, 3.075721e+10, -6.078540e+03, 2.927321e+04
12, 0, 1.113402e+04, 7.374602e+02, 1.974847e-02, 2.045500e-03
12, 1, 1.462918e+11, 3.328191e+10, -6.577312e+03, 2.916874e+04
13, 0, 1.290473e+04, 9.288535e+02, 2.124032e-02, 2.384902e-03
13, 1, 1.457020e+11, 3.579720e+10, -7.074180e+03, 2.905570e+04
14, 0, 1.480408e+04, 1.150678e+03, 2.272601e-02, 2.749916e-03
14, 1, 1.450694e+11, 3.830236e+10, -7.568994e+03, 2.893413e+04
15, 0, 1.683150e+04, 1.405141e+03, 2.420508e-02, 3.140431e-03
15, 1, 1.443942e+11, 4.079665e+10, -8.061603e+03, 2.880407e+04
16, 0, 1.898641e+04, 1.694441e+03, 2.567708e-02, 3.556326e-03
16, 1, 1.436765e+11, 4.327934e+10, -8.551860e+03, 2.866555e+04
17, 0, 2.126817e+04, 2.020765e+03, 2.714157e-02, 3.997472e-03
17, 1, 1.429165e+11, 4.574970e+10, -9.039616e+03, 2.851863e+04
18, 0, 2.367613e+04, 2.386289e+03, 2.859811e-02, 4.463731e-03
18, 1, 1.421146e+11, 4.820700e+10, -9.524722e+03, 2.836334e+04
19, 0, 2.620957e+04, 2.793176e+03, 3.004625e-02, 4.954960e-03
19, 1, 1.412708e+11, 5.065052e+10, -1.000703e+04, 2.819973e+04
20, 0, 2.886774e+04, 3.243578e+03, 3.148557e-02, 5.471004e-03
20, 1, 1.403855e+11, 5.307955e+10, -1.048640e+04, 2.802786e+04
21, 0, 3.164987e+04, 3.739631e+03, 3.291561e-02, 6.011701e-03
21, 1, 1.394589e+11, 5.549338e+10, -1.096268e+04, 2.784778e+04
22, 0, 3.455514e+04, 4.283457e+03, 3.433595e-02, 6.576883e-03
22, 1, 1.384913e+11, 5.789130e+10, -1.143574e+04, 2.765954e+04
23, 0, 3.758269e+04, 4.877166e+03, 3.574617e-02, 7.166372e-03
23, 1, 1.374829e+11, 6.027260e+10, -1.190541e+04, 2.746321e+04
24, 0, 4.073162e+04, 5.522848e+03, 3.714582e-02, 7.779981e-03
24, 1, 1.364342e+11, 6.263659e+10, -1.237157e+04, 2.725884e+04
25, 0, 4.400101e+04, 6.222580e+03, 3.853449e-02, 8.417519e-03
25, 1, 1.353453e+11, 6.498258e+10, -1.283408e+04, 2.704651e+04
26, 0, 4.738989e+04, 6.978421e+03, 3.991177e-02, 9.078782e-03
26, 1, 1.342166e+11, 6.730989e+10, -1.329278e+04, 2.682627e+04
27, 0, 5.089725e+04, 7.792410e+03, 4.127723e-02, 9.763562e-03
27, 1, 1.330485e+11, 6.961782e+10, -1.374756e+04, 2.659820e+04
28, 0, 5.452206e+04, 8.666571e+03, 4.263046e-02, 1.047164e-02
28, 1, 1.318412e+11, 7.190572e+10, -1.419826e+04, 2.636237e+04
29, 0, 5.826325e+04, 9.602907e+03, 4.397105e-02, 1.120280e-02
29, 1, 1.305952e+11, 7.417291e+10, -1.464475e+04, 2.611886e+04
30, 0, 6.211970e+04, 1.060340e+04, 4.529861e-02, 1.195680e-02
30, 1, 1.293108e+11, 7.641873e+10, -1.508689e+04, 2.586774e+04
31, 0, 6.609027e+04, 1.167002e+04, 4.661273e-02, 1.273340e-02
31, 1, 1.279884e+11, 7.864253e+10, -1.552457e+04, 2.560909e+04
32, 0, 7.017378e+04, 1.280470e+04, 4.791301e-02, 1.353236e-02
32, 1, 1.266283e+11, 8.084366e+10, -1.595763e+04, 2.534299e+04
33, 0, 7.436902e+04, 1.400936e+04, 4.919907e-02, 1.435342e-02
33, 1, 1.252311e+11, 8.302148e+10, -1.638596e+04, 2.506953e+04
34, 0, 7.867475e+04, 1.528591e+04, 5.047052e-02, 1.519633e-02
34, 1, 1.237970e+11, 8.517536e+10, -1.680942e+04, 2.478880e+04
35, 0, 8.308968e+04, 1.663622e+04, 5.172697e-02, 1.606080e-02
35, 1, 1.223266e+11, 8.730468e+10, -1.722789e+04, 2.450088e+04
36, 0, 8.761251e+04, 1.806214e+04, 5.296807e-02, 1.694657e-02
36, 1, 1.208203e+11, 8.940881e+10, -1.764124e+04, 2.420587e+04
37, 0, 9.224188e+04, 1.956550e+04, 5.419342e-02, 1.785335e-02
37, 1, 1.192784e+11, 9.148715e+10, -1.804935e+04, 2.390386e+04
38, 0, 9.697643e+04, 2.114810e+04, 5.540268e-02, 1.878086e-02
38, 1, 1.177016e+11, 9.353910e+10, -1.845210e+04, 2.359495e+04
39, 0, 1.018148e+05, 2.281171e+04, 5.659548e-02, 1.972879e-02
39, 1, 1.160902e+11, 9.556406e+10, -1.884936e+04, 2.327924e+04
40, 0, 1.067554e+05, 2.455810e+04, 5.777146e-02, 2.069685e-02
40, 1, 1.144447e+11, 9.756146e+10, -1.924103e+04, 2.295683e+04
41, 0, 1.117969e+05, 2.638898e+04, 5.893028e-02, 2.168472e-02
41, 1, 1.127656e+11, 9.953072e+10, -1.962698e+04, 2.262781e+04
42, 0, 1.169378e+05, 2.830606e+04, 6.007160e-02, 2.269209e-02
42, 1, 1.110534e+11, 1.014713e+11, -2.000710e+04, 2.229230e+04
43, 0, 1.221765e+05, 3.031100e+04, 6.119508e-02, 2.371863e-02
43, 1, 1.093086e+11, 1.033826e+11, -2.038128e+04, 2.195041e+04
44, 0, 1.275115e+05, 3.240545e+04, 6.230040e-02, 2.476402e-02
44, 1, 1.075317e+11, 1.052640e+11, -2.074941e+04, 2.160224e+04
45, 0, 1.329412e+05, 3.459103e+04, 6.338722e-02, 2.582792e-02
45, 1, 1.057234e+11, 1.071152e+11, -2.111138e+04, 2.124790e+04
46, 0, 1.384640e+05, 3.686931e+04, 6.445523e-02, 2.691000e-02
46, 1, 1.038840e+11, 1.089354e+11, -2.146709e+04, 2.088751e+04
47, 0, 1.440783e+05, 3.924184e+04, 6.550413e-02, 2.800990e-02
47, 1, 1.020141e+11, 1.107243e+11, -2.181643e+04, 2.052118e+04
48, 0, 1.497823e+05, 4.171017e+04, 6.653361e-02, 2.912728e-02
48, 1, 1.001144e+11, 1.124812e+11, -2.215930e+04, 2.014904e+04
49, 0, 1.555744e+05, 4.427578e+04, 6.754337e-02, 3.026177e-02
49, 1, 9.818527e+10, 1.142058e+11, -2.249561e+04, 1.977119e+04
50, 0, 1.614529e+05, 4.694013e+04, 6.853312e-02, 3.141302e-02
50, 1, 9.622741e+10, 1.158974e+11, -2.282525e+04, 1.938776e+04
51, 0, 1.674161e+05, 4.970466e+04, 6.950258e-02, 3.258065e-02
51, 1, 9.424136e+10, 1.175557e+11, -2.314813e+04, 1.899887e+04
52, 0, 1.734621e+05, 5.257076e+04, 7.045148e-02, 3.376430e-02
52, 1, 9.222771e+10, 1.191802e+11, -2.346417e+04, 1.860466e+04
53, 0, 1.795892e+05, 5.553980e+04, 7.137955e-02, 3.496359e-02
53, 1, 9.018706e+10, 1.207704e+11, -2.377326e+04, 1.820523e+04
54, 0, 1.857956e+05, 5.861312e+04, 7.228652e-02, 3.617813e-02
54, 1, 8.812000e+10, 1.223258e+11, -2.407533e+04, 1.780072e+04
55, 0, 1.920794e+05, 6.179202e+04, 7.317215e-02, 3.740753e-02
55, 1, 8.602714e+10, 1.238461e+11, -2.437030e+04, 1.739126e+04
56, 0, 1.984388e+05, 6.507777e+04, 7.403618e-02, 3.865141e-02
56, 1, 8.390912e+10, 1.253309e+11, -2.465807e+04, 1.697698e+04
57, 0, 2.048719e+05, 6.847160e+04, 7.487839e-02, 3.990938e-02
57, 1, 8.176654e+10, 1.267796e+11, -2.493857e+04, 1.655801e+04
58, 0, 2.113768e+05, 7.197470e+04, 7.569853e-02, 4.118102e-02
58, 1, 7.960005e+10, 1.281919e+11, -2.521172e+04, 1.613449e+04
59, 0, 2.179516e+05, 7.558825e+04, 7.649639e-02, 4.246594e-02
59, 1, 7.741028e+10, 1.295674e+11, -2.547745e+04, 1.570654e+04
60, 0, 2.245944e+05, 7.931337e+04, 7.727176e-02, 4.376373e-02
60, 1, 7.519787e+10, 1.309058e+11, -2.573569e+04, 1.527430e+04
61, 0, 2.313032e+05, 8.315116e+04, 7.802442e-02, 4.507397e-02
61, 1, 7.296348e+10, 1.322066e+11, -2.598637e+04, 1.483792e+04
62, 0, 2.380760e+05, 8.710267e+04, 7.875418e-02, 4.639626e-02
62, 1, 7.070776e+10, 1.334696e+11, -2.622941e+04, 1.439753e+04
63, 0, 2.449109e+05, 9.116894e+04, 7.946084e-02, 4.773018e-02
63, 1, 6.843137e+10, 1.346944e+11, -2.646477e+04, 1.395326e+04
64, 0, 2.518059e+05, 9.535093e+04, 8.014422e-02, 4.907530e-02
64, 1, 6.613498e+10, 1.358806e+11, -2.669238e+04, 1.350526e+04
65, 0, 2.587588e+05, 9.964961e+04, 8.080416e-02, 5.043121e-02
65, 1, 6.381926e+10, 1.370279e+11, -2.691217e+04, 1.305367e+04
66, 0, 2.657678e+05, 1.040659e+05, 8.144048e-02, 5.179747e-02
66, 1, 6.148490e+10, 1.381361e+11, -2.712410e+04, 1.259863e+04
67, 0, 2.728307e+05, 1.086006e+05, 8.205302e-02, 5.317365e-02
67, 1, 5.913256e+10, 1.392048e+11, -2.732811e+04, 1.214029e+04
68, 0, 2.799455e+05, 1.132547e+05, 8.264164e-02, 5.455933e-02
68, 1, 5.676294e+10, 1.402338e+11, -2.752415e+04, 1.167878e+04
69, 0, 2.871102e+05, 1.180289e+05, 8.320619e-02, 5.595408e-02
69, 1, 5.437674e+10, 1.412228e+11, -2.771218e+04, 1.121425e+04
70, 0, 2.943225e+05, 1.229239e+05, 8.374655e-02, 5.735745e-02
70, 1, 5.197463e+10, 1.421715e+11, -2.789215e+04, 1.074686e+04
71, 0, 3.015805e+05, 1.279406e+05, 8.426258e-02, 5.876901e-02
71, 1, 4.955732e+10, 1.430797e+11, -2.806401e+04, 1.027673e+04
72, 0, 3.088820e+05, 1.330796e+05, 8.475417e-02, 6.018832e-02
72, 1, 4.712552e+10, 1.439472e+11, -2.822774e+04, 9.804023e+03
73, 0, 3.162250e+05, 1.383415e+05, 8.522122e-02, 6.161494e-02
73, 1, 4.467992e+10, 1.447737e+11, -2.838329e+04, 9.328881e+03
74, 0, 3.236072e+05, 1.437269e+05, 8.566362e-02, 6.304843e-02
74, 1, 4.222124e+10, 1.455591e+11, -2.853063e+04, 8.851452e+03
75, 0, 3.310266e+05, 1.492365e+05, 8.608128e-02, 6.448834e-02
75, 1, 3.975018e+10, 1.463032e+11, -2.866974e+04, 8.371883e+03
76, 0, 3.384810e+05, 1.548708e+05, 8.647412e-02, 6.593423e-02
76, 1, 3.726747e+10, 1.470057e+11, -2.880057e+04, 7.890322e+03
77, 0, 3.459682e+05, 1.606302e+05, 8.684207e-02, 6.738566e-02
77, 1, 3.477380e+10, 1.476665e+11, -2.892312e+04, 7.406917e+03
78, 0, 3.534862e+05, 1.665152e+05, 8.718506e-02, 6.884218e-02
78, 1, 3.226991e+10, 1.482856e+11, -2.903736e+04, 6.921816e+03
79, 0, 3.610327e+05, 1.725263e+05, 8.750304e-02, 7.030335e-02
79, 1, 2.975651e+10, 1.488626e+11, -2.914326e+04, 6.435168e+03
80, 0, 3.686057e+05, 1.786638e+05, 8.779595e-02, 7.176872e-02
80, 1, 2.723432e+10, 1.493975e+11, -2.924082e+04, 5.947121e+03
81, 0, 3.762028e+05, 1.849281e+05, 8.806376e-02, 7.323784e-02
81, 1, 2.470406e+10, 1.498902e+11, -2.933001e+04, 5.457823e+03
82, 0, 3.838220e+05, 1.913195e+05, 8.830643e-02, 7.471027e-02
82, 1, 2.216645e+10, 1.503406e+11, -2.941083e+04, 4.967424e+03
83, 0, 3.914611e+05, 1.978382e+05, 8.852395e-02, 7.618557e-02
83, 1, 1.962223e+10, 1.507485e+11, -2.948328e+04, 4.476071e+03
84, 0, 3.991178e+05, 2.044844e+05, 8.871629e-02, 7.766328e-02
84, 1, 1.707210e+10, 1.511140e+11, -2.954734e+04, 3.983912e+03
85, 0, 4.067901e+05, 2.112585e+05, 8.888346e-02, 7.914296e-02
85, 1, 1.451681e+10, 1.514369e+11, -2.960301e+04, 3.491097e+03
86, 0, 4.144758e+05, 2.181604e+05, 8.902544e-02, 8.062418e-02
86, 1, 1.195706e+10, 1.517172e+11, -2.965030e+04, 2.997771e+03
87, 0, 4.221727e+05, 2.251904e+05, 8.914226e-02, 8.210648e-02
87, 1, 9.393598e+09, 1.519549e+11, -2.968921e+04, 2.504084e+03
88, 0, 4.298785e+05, 2.323484e+05, 8.923393e-02, 8.358944e-02
88, 1, 6.827131e+09, 1.521499e+11, -2.971974e+04, 2.010181e+03
89, 0, 4.375912e+05, 2.396346e+05, 8.930048e-02, 8.507259e-02
89, 1, 4.258388e+09, 1.523023e+11, -2.974191e+04, 1.516209e+03
90, 0, 4.453085e+05, 2.470490e+05, 8.934194e-02, 8.655552e-02
90, 1, 1.688091e+09, 1.524119e+11, -2.975571e+04, 1.022315e+03
91, 0, 4.530284e+05, 2.545914e+05, 8.935835e-02, 8.803777e-02
91, 1, -8.830387e+08, 1.524789e+11, -2.976118e+04, 5.286432e+02
92, 0, 4.607486e+05, 2.622619e+05, 8.934977e-02, 8.951892e-02
92, 1, -3.454281e+09, 1.525033e+11, -2.975832e+04, 3.533968e+01
93, 0, 4.684670e+05, 2.700602e+05, 8.931625e-02, 9.099853e-02
93, 1, -6.024918e+09, 1.524851e+11, -2.974716e+04, -4.574518e+02
94, 0, 4.761814e+05, 2.779863e+05, 8.925786e-02, 9.247618e-02
94, 1, -8.594232e+09, 1.524243e+11, -2.972771e+04, -9.495875e+02
95, 0, 4.838896e+05, 2.860400e+05, 8.917468e-02, 9.395143e-02
95, 1, -1.116151e+10, 1.523210e+11, -2.970001e+04, -1.440925e+03
96, 0, 4.915897e+05, 2.942210e+05, 8.906678e-02, 9.542385e-02
96, 1, -1.372604e+10, 1.521753e+11, -2.966407e+04, -1.931321e+03
97, 0, 4.992793e+05, 3.025291e+05, 8.893426e-02, 9.689302e-02
97, 1, -1.628711e+10, 1.519873e+11, -2.961993e+04, -2.420637e+03
98, 0, 5.069565e+05, 3.109640e+05, 8.877721e-02, 9.835853e-02
98, 1, -1.884401e+10, 1.517571e+11, -2.956763e+04, -2.908730e+03
99, 0, 5.146190e+05, 3.195253e+05, 8.859573e-02, 9.981995e-02
99, 1, -2.139604e+10, 1.514847e+11, -2.950719e+04, -3.395462e+03
100, 0, 5.222647e+05, 3.282127e+05, 8.838995e-02, 1.012769e-01
100, 1, -2.394250e+10, 1.511704e+11, -2.943865e+04, -3.880694e+03
101, 0, 5.298917e+05, 3.370257e+05, 8.815997e-02, 1.027289e-01
101, 1, -2.648269e+10, 1.508142e+11, -2.936205e+04, -4.364289e+03
102, 0, 5.374978e+05, 3.459640e+05, 8.790593e-02, 1.041755e-01
102, 1, -2.901592e+10, 1.504163e+11, -2.927745e+04, -4.846112e+03
103, 0, 5.450808e+05, 3.550270e+05, 8.762796e-02, 1.056165e-01
103, 1, -3.154149e+10, 1.499769e+11, -2.918487e+04, -5.326027e+03
104, 0, 5.526388e+05, 3.642142e+05, 8.732620e-02, 1.070513e-01
104, 1, -3.405872e+10, 1.494961e+11, -2.908436e+04, -5.803900e+03
105, 0, 5.601698e+05, 3.735252e+05, 8.700080e-02, 1.084796e-01
105, 1, -3.656693e+10, 1.489741e+11, -2.897599e+04, -6.279598e+03
106, 0, 5.676716e+05, 3.829592e+05, 8.665190e-02, 1.099010e-01
106, 1, -3.906543e+10, 1.484111e+11, -2.885979e+04, -6.752990e+03
107, 0, 5.751422e+05, 3.925157e+05, 8.627968e-02, 1.113150e-01
107, 1, -4.155356e+10, 1.478073e+11, -2.873582e+04, -7.223947e+03
108, 0, 5.825797e+05, 4.021941e+05, 8.588431e-02, 1.127214e-01
108, 1, -4.403065e+10, 1.471629e+11, -2.860413e+04, -7.692339e+03
109, 0, 5.899820e+05, 4.119936e+05, 8.546594e-02, 1.141197e-01
109, 1, -4.649603e+10, 1.464782e+11, -2.846480e+04, -8.158039e+03
110, 0, 5.973472e+05, 4.219136e+05, 8.502477e-02, 1.155095e-01
110, 1, -4.894904e+10, 1.457533e+11, -2.831786e+04, -8.620922e+03
111, 0, 6.046733e+05, 4.319533e+05, 8.456098e-02, 1.168904e-01
111, 1, -5.138903e+10, 1.449886e+11, -2.816340e+04, -9.080861e+03
112, 0, 6.119584e+05, 4.421119e+05, 8.407477e-02, 1.182622e-01
112, 1, -5.381535e+10, 1.441843e+11, -2.800146e+04, -9.537736e+03
113, 0, 6.192005e+05, 4.523886e+05, 8.356634e-02, 1.196244e-01
113, 1, -5.622736e+10, 1.433406e+11, -2.783212e+04, -9.991424e+03
114, 0, 6.263977e+05, 4.627826e+05, 8.303588e-02, 1.209767e-01
114, 1, -5.862442e+10, 1.424579e+11, -2.765545e+04, -1.044180e+04
115, 0, 6.335481e+05, 4.732929e+05, 8.248361e-02, 1.223187e-01
115, 1, -6.100591e+10, 1.415364e+11, -2.747152e+04, -1.088876e+04
116, 0, 6.406499e+05, 4.839188e+05, 8.190976e-02, 1.236500e-01
116, 1, -6.337119e+10, 1.405765e+11, -2.728039e+04, -1.133218e+04
117, 0, 6.477012e+05, 4.946592e+05, 8.131453e-02, 1.249704e-01
117, 1, -6.571965e+10, 1.395784e+11, -2.708215e+04, -1.177193e+04
118, 0, 6.547002e+05, 5.055132e+05, 8.069816e-02, 1.262795e-01
118, 1, -6.805068e+10, 1.385424e+11, -2.687686e+04, -1.220792e+04
119, 0, 6.616450e+05, 5.164798e+05, 8.006088e-02, 1.275769e-01
119, 1, -7.036367e+10, 1.374690e+11, -2.666462e+04, -1.264003e+04
120, 0, 6.685338e+05, 5.275579e+05, 7.940292e-02, 1.288623e-01
120, 1, -7.265803e+10, 1.363584e+11, -2.644548e+04, -1.306814e+04
121, 0, 6.753649e+05, 5.387466e+05, 7.872454e-02, 1.301354e-01
121, 1, -7.493316e+10, 1.352110e+11, -2.621954e+04, -1.349216e+04
122, 0, 6.821365e+05, 5.500448e+05, 7.802599e-02, 1.313959e-01
122, 1, -7.718848e+10, 1.340271e+11, -2.598689e+04, -1.391196e+04
123, 0, 6.888469e+05, 5.614513e+05, 7.730750e-02, 1.326434e-01
123, 1, -7.942341e+10, 1.328072e+11, -2.574759e+04, -1.432746e+04
124, 0, 6.954944e+05, 5.729650e+05, 7.656934e-02, 1.338777e-01
124, 1, -8.163738e+10, 1.315516e+11, -2.550174e+04, -1.473854e+04
125, 0, 7.020773e+05, 5.845848e+05, 7.581178e-02, 1.350984e-01
125, 1, -8.382983e+10, 1.302606e+11, -2.524944e+04, -1.514511e+04
126, 0, 7.085939e+05, 5.963094e+05, 7.503508e-02, 1.363053e-01
126, 1, -8.600021e+10, 1.289347e+11, -2.499075e+04, -1.554707e+04
127, 0, 7.150425e+05, 6.081377e+05, 7.423951e-02, 1.374981e-01
127, 1, -8.814796e+10, 1.275742e+11, -2.472578e+04, -1.594431e+04
128, 0, 7.214216e+05, 6.200685e+05, 7.342535e-02, 1.386764e-01
128, 1, -9.027255e+10, 1.261797e+11, -2.445462e+04, -1.633675e+04
129, 0, 7.277296e+05, 6.321004e+05, 7.259287e-02, 1.398399e-01
129, 1, -9.237345e+10, 1.247515e+11, -2.417736e+04, -1.672429e+04
130, 0, 7.339649e+05, 6.442322e+05, 7.174236e-02, 1.409886e-01
130, 1, -9.445014e+10, 1.232900e+11, -2.389410e+04, -1.710684e+04
131, 0, 7.401259e+05, 6.564625e+05, 7.087411e-02, 1.421219e-01
131, 1, -9.650210e+10, 1.217956e+11, -2.360492e+04, -1.748431e+04
132, 0, 7.462112e+05, 6.687902e+05, 6.998840e-02, 1.432397e-01
132, 1, -9.852882e+10, 1.202689e+11, -2.330993e+04, -1.785661e+04
133, 0, 7.522192e+05, 6.812137e+05, 6.908553e-02, 1.443418e-01
133, 1, -1.005298e+11, 1.187102e+11, -2.300923e+04, -1.822366e+04
134, 0, 7.581485e+05, 6.937317e+05, 6.816581e-02, 1.454279e-01
134, 1, -1.025046e+11, 1.171201e+11, -2.270291e+04, -1.858537e+04
135, 0, 7.639975e+05, 7.063429e+05, 6.722952e-02, 1.464976e-01
135, 1, -1.044526e+11, 1.154989e+11, -2.239108e+04, -1.894166e+04
136, 0, 7.697650e+05, 7.190458e+05, 6.627698e-02, 1.475509e-01
136, 1, -1.063735e+11, 1.138472e+11, -2.207383e+04, -1.929246e+04
137, 0, 7.754495e+05, 7.318390e+05, 6.530848e-02, 1.485874e-01
137, 1, -1.082668e+11, 1.121654e+11, -2.175127e+04, -1.963767e+04
138, 0, 7.810496e+05, 7.447210e+05, 6.432435e-02, 1.496070e-01
138, 1, -1.101319e+11, 1.104541e+11, -2.142350e+04, -1.997724e+04
139, 0, 7.865641e+05, 7.576903e+05, 6.332489e-02, 1.506093e-01
139, 1, -1.119685e+11, 1.087136e+11, -2.109062e+04, -2.031109e+04
140, 0, 7.919915e+05, 7.707455e+05, 6.231042e-02, 1.515943e-01
140, 1, -1.137762e+11, 1.069445e+11, -2.075275e+04, -2.063913e+04
141, 0, 7.973307e+05, 7.838851e+05, 6.128125e-02, 1.525617e-01
141, 1, -1.155544e+11, 1.051474e+11, -2.040998e+04, -2.096131e+04
142, 0, 8.025803e+05, 7.971074e+05, 6.023772e-02, 1.535112e-01
142, 1, -1.173028e+11, 1.033227e+11, -2.006243e+04, -2.127756e+04
143, 0, 8.077392e+05, 8.104110e+05, 5.918012e-02, 1.544427e-01
143, 1, -1.190210e+11, 1.014709e+11, -1.971019e+04, -2.158782e+04
144, 0, 8.128061e+05, 8.237943e+05, 5.810881e-02, 1.553561e-01
144, 1, -1.207085e+11, 9.959258e+10, -1.935338e+04, -2.189201e+04
145, 0, 8.177798e+05, 8.372557e+05, 5.702409e-02, 1.562510e-01
145, 1, -1.223650e+11, 9.768823e+10, -1.899211e+04, -2.219007e+04
146, 0, 8.226593e+05, 8.507937e+05, 5.592630e-02, 1.571274e-01
146, 1, -1.239902e+11, 9.575840e+10, -1.862649e+04, -2.248196e+04
147, 0, 8.274433e+05, 8.644066e+05, 5.481577e-02, 1.579851e-01
147, 1, -1.255835e+11, 9.380362e+10, -1.825662e+04, -2.276760e+04
148, 0, 8.321309e+05, 8.780927e+05, 5.369283e-02, 1.588238e-01
148, 1, -1.271447e+11, 9.182443e+10, -1.788262e+04, -2.304696e+04
149, 0, 8.367209e+05, 8.918505e+05, 5.255781e-02, 1.596435e-01
149, 1, -1.286735e+11, 8.982138e+10, -1.750460e+04, -2.331996e+04
150, 0, 8.412124e+05, 9.056783e+05, 5.141105e-02, 1.604440e-01
150, 1, -1.301694e+11, 8.779501e+10, -1.712267e+04, -2.358657e+04
151, 0, 8.456042e+05, 9.195744e+05, 5.025289e-02, 1.612252e-01
151, 1, -1.316321e+11, 8.574590e+10, -1.673694e+04, -2.384673e+04
152, 0, 8.498956e+05, 9.335371e+05, 4.908366e-02, 1.619868e-01
152, 1, -1.330613e+11, 8.367458e+10, -1.634752e+04, -2.410039e+04
153, 0, 8.540854e+05, 9.475648e+05, 4.790369e-02, 1.627288e-01
153, 1, -1.344568e+11, 8.158163e+10, -1.595453e+04, -2.434752e+04
154, 0, 8.581729e+05, 9.616558e+05, 4.671334e-02, 1.634510e-01
154, 1, -1.358181e+11, 7.946761e+10, -1.555807e+04, -2.458806e+04
155, 0, 8.621571e+05, 9.758083e+05, 4.551293e-02, 1.641534e-01
155, 1, -1.371451e+11, 7.733310e+10, -1.515827e+04, -2.482198e+04
156, 0, 8.660371e+05, 9.900207e+05, 4.430282e-02, 1.648357e-01
156, 1, -1.384373e+11, 7.517866e+10, -1.475524e+04, -2.504924e+04
157, 0, 8.698122e+05, 1.004291e+06, 4.308333e-02, 1.654979e-01
157, 1, -1.396947e+11, 7.300488e+10, -1.434909e+04, -2.526980e+04
158, 0, 8.734815e+05, 1.018618e+06, 4.185482e-02, 1.661399e-01
158, 1, -1.409167e+11, 7.081233e+10, -1.393992e+04, -2.548362e+04
159, 0, 8.770443e+05, 1.032999e+06, 4.061763e-02, 1.667616e-01
159, 1, -1.421033e+11, 6.860160e+10, -1.352787e+04, -2.569068e+04
160, 0, 8.804999e+05, 1.047433e+06, 3.937209e-02, 1.673629e-01
160, 1, -1.432542e+11, 6.637328e+10, -1.311304e+04, -2.589094e+04
161, 0, 8.838475e+05, 1.061919e+06, 3.811856e-02, 1.679437e-01
161, 1, -1.443692e+11, 6.412795e+10, -1.269555e+04, -2.608437e+04
162, 0, 8.870864e+05, 1.076453e+06, 3.685737e-02, 1.685039e-01
162, 1, -1.454479e+11, 6.186620e+10, -1.227550e+04, -2.627095e+04
163, 0, 8.902161e+05, 1.091035e+06, 3.558886e-02, 1.690434e-01
163, 1, -1.464903e+11, 5.958862e+10, -1.185302e+04, -2.645064e+04
164, 0, 8.932359e+05, 1.105663e+06, 3.431339e-02, 1.695623e-01
164, 1, -1.474960e+11, 5.729582e+10, -1.142822e+04, -2.662344e+04
165, 0, 8.961452e+05, 1.120335e+06, 3.303129e-02, 1.700603e-01
165, 1, -1.484650e+11, 5.498839e+10, -1.100121e+04, -2.678931e+04
166, 0, 8.989434e+05, 1.135048e+06, 3.174290e-02, 1.705375e-01
166, 1, -1.493969e+11, 5.266693e+10, -1.057211e+04, -2.694823e+04
167, 0, 9.016301e+05, 1.149803e+06, 3.044857e-02, 1.709938e-01
167, 1, -1.502917e+11, 5.033204e+10, -1.014102e+04, -2.710020e+04
168, 0, 9.042047e+05, 1.164595e+06, 2.914865e-02, 1.714291e-01
168, 1, -1.511492e+11, 4.798432e+10, -9.708078e+03, -2.724519e+04
169, 0, 9.066668e+05, 1.179425e+06, 2.784346e-02, 1.718434e-01
169, 1, -1.519692e+11, 4.562437e+10, -9.273379e+03, -2.738318e+04
170, 0, 9.090158e+05, 1.194289e+06, 2.653335e-02, 1.722367e-01
170, 1, -1.527516e+11, 4.325281e+10, -8.837042e+03, -2.751418e+04
171, 0, 9.112515e+05, 1.209186e+06, 2.521866e-02, 1.726090e-01
171, 1, -1.534962e+11, 4.087022e+10, -8.399179e+03, -2.763816e+04
172, 0, 9.133734e+05, 1.224115e+06, 2.389973e-02, 1.729601e-01
172, 1, -1.542029e+11, 3.847724e+10, -7.959905e+03, -2.775512e+04
173, 0, 9.153812e+05, 1.239073e+06, 2.257690e-02, 1.732902e-01
173, 1, -1.548716e+11, 3.607444e+10, -7.519330e+03, -2.786505e+04
174, 0, 9.172746e+05, 1.254058e+06, 2.125050e-02, 1.735992e-01
174, 1, -1.555022e+11, 3.366246e+10, -7.077568e+03, -2.796794e+04
175, 0, 9.190532e+05, 1.269070e+06, 1.992088e-02, 1.738870e-01
175, 1, -1.560946e+11, 3.124189e+10, -6.634730e+03, -2.806380e+04
176, 0, 9.207168e+05, 1.284105e+06, 1.858836e-02, 1.741537e-01
176, 1, -1.566486e+11, 2.881334e+10, -6.190928e+03, -2.815262e+04
177, 0, 9.222651e+05, 1.299163e+06, 1.725327e-02, 1.743992e-01
177, 1, -1.571643e+11, 2.637742e+10, -5.746274e+03, -2.823441e+04
178, 0, 9.236980e+05, 1.314241e+06, 1.591596e-02, 1.746237e-01
178, 1, -1.576416e+11, 2.393474e+10, -5.300877e+03, -2.830915e+04
179, 0, 9.250153e+05, 1.329337e+06, 1.457676e-02, 1.748270e-01
179, 1, -1.580803e+11, 2.148590e+10, -4.854849e+03, -2.837687e+04
180, 0, 9.262168e+05, 1.344450e+06, 1.323598e-02, 1.750092e-01
180, 1, -1.584805e+11, 1.903152e+10, -4.408298e+03, -2.843756e+04
181, 0, 9.273025e+05, 1.359577e+06, 1.189397e-02, 1.751703e-01
181, 1, -1.588420e+11, 1.657219e+10, -3.961335e+03, -2.849123e+04
182, 0, 9.282721e+05, 1.374718e+06, 1.055104e-02, 1.753104e-01
182, 1, -1.591650e+11, 1.410854e+10, -3.514068e+03, -2.853789e+04
183, 0, 9.291257e+05, 1.389870e+06, 9.207532e-03, 1.754295e-01
183, 1, -1.594492e+11, 1.164115e+10, -3.066605e+03, -2.857755e+04
184, 0, 9.298631e+05, 1.405032e+06, 7.863755e-03, 1.755276e-01
184, 1, -1.596949e+11, 9.170637e+09, -2.619054e+03, -2.861022e+04
185, 0, 9.304845e+05, 1.420200e+06, 6.520037e-03, 1.756048e-01
185, 1, -1.599018e+11, 6.697604e+09, -2.171523e+03, -2.863592e+04
186, 0, 9.309898e+05, 1.435375e+06, 5.176697e-03, 1.756610e-01
186, 1, -1.600701e+11, 4.222651e+09, -1.724118e+03, -2.865465e+04
187, 0, 9.313791e+05, 1.450554e+06, 3.834053e-03, 1.756964e-01
187, 1, -1.601998e+11, 1.746380e+09, -1.276945e+03, -2.866645e+04
188, 0, 9.316524e+05, 1.465735e+06, 2.492422e-03, 1.757110e-01
188, 1, -1.602908e+11, -7.306114e+08, -8.301088e+02, -2.867131e+04
189, 0, 9.318098e+05, 1.480916e+06, 1.152117e-03, 1.757049e-01
189, 1, -1.603432e+11, -3.207725e+09, -3.837147e+02, -2.866927e+04
190, 0, 9.318515e+05, 1.496095e+06, -1.865488e-04, 1.756781e-01
190, 1, -1.603571e+11, -5.684364e+09, 6.213362e+01, -2.866035e+04
191, 0, 9.317777e+05, 1.511272e+06, -1.523265e-03, 1.756307e-01
191, 1, -1.603325e+11, -8.159937e+09, 5.073327e+02, -2.864456e+04
192, 0, 9.315884e+05, 1.526444e+06, -2.857724e-03, 1.755628e-01
192, 1, -1.602695e+11, -1.063385e+10, 9.517800e+02, -2.862194e+04
193, 0, 9.312840e+05, 1.541608e+06, -4.189620e-03, 1.754744e-01
193, 1, -1.601681e+11, -1.310551e+10, 1.395374e+03, -2.859250e+04
194, 0, 9.308646e+05, 1.556765e+06, -5.518649e-03, 1.753657e-01
194, 1, -1.600284e+11, -1.557434e+10, 1.838012e+03, -2.855628e+04
195, 0, 9.303305e+05, 1.571911e+06, -6.844509e-03, 1.752366e-01
195, 1, -1.598505e+11, -1.803975e+10, 2.279596e+03, -2.851330e+04
196, 0, 9.296820e+05, 1.587045e+06, -8.166902e-03, 1.750874e-01
196, 1, -1.596345e+11, -2.050115e+10, 2.720024e+03, -2.846359e+04
197, 0, 9.289194e+05, 1.602165e+06, -9.485530e-03, 1.749180e-01
197, 1, -1.593805e+11, -2.295797e+10, 3.159199e+03, -2.840719e+04
198, 0, 9.280431e+05, 1.617270e+06, -1.080010e-02, 1.747286e-01
198, 1, -1.590887e+11, -2.540962e+10, 3.597022e+03, -2.834412e+04
199, 0, 9.270533e+05, 1.632357e+06, -1.211032e-02, 1.745194e-01
199, 1, -1.587590e+11, -2.785554e+10, 4.033395e+03, -2.827442e+04
200, 0, 9.259506e+05, 1.647426e+06, -1.341590e-02, 1.742903e-01
200, 1, -1.583918e+11, -3.029516e+10, 4.468224e+03, -2.819812e+04
201, 0, 9.247353e+05, 1.662474e+06, -1.471655e-02, 1.740415e-01
201, 1, -1.579870e+11, -3.272790e+10, 4.901411e+03, -2.811526e+04
202, 0, 9.234078e+05, 1.677499e+06, -1.601198e-02, 1.737731e-01
202, 1, -1.575449e+11, -3.515319e+10, 5.332862e+03, -2.802588e+04
203, 0, 9.219686e+05, 1.692501e+06, -1.730193e-02, 1.734853e-01
203, 1, -1.570656e+11, -3.757049e+10, 5.762483e+03, -2.793001e+04
204, 0, 9.204183e+05, 1.707477e+06, -1.858610e-02, 1.731781e-01
204, 1, -1.565492e+11, -3.997922e+10, 6.190181e+03, -2.782770e+04
205, 0, 9.187572e+05, 1.722425e+06, -1.986422e-02, 1.728517e-01
205, 1, -1.559960e+11, -4.237884e+10, 6.615865e+03, -2.771899e+04
206, 0, 9.169860e+05, 1.737345e+06, -2.113601e-02, 1.725062e-01
206, 1, -1.554061e+11, -4.476879e+10, 7.039442e+03, -2.760391e+04
207, 0, 9.151052e+05, 1.752233e+06, -2.240121e-02, 1.721417e-01
207, 1, -1.547797e+11, -4.714852e+10, 7.460822e+03, -2.748252e+04
208, 0, 9.131154e+05, 1.767090e+06, -2.365955e-02, 1.717584e-01
208, 1, -1.541170e+11, -4.951749e+10, 7.879917e+03, -2.735485e+04
209, 0, 9.110171e+05, 1.781912e+06, -2.491076e-02, 1.713563e-01
209, 1, -1.534181e+11, -5.187517e+10, 8.296636e+03, -2.722096e+04
210, 0, 9.088111e+05, 1.796699e+06, -2.615457e-02, 1.709357e-01
210, 1, -1.526834e+11, -5.422101e+10, 8.710894e+03, -2.708088e+04
211, 0, 9.064980e+05, 1.811449e+06, -2.739073e-02, 1.704967e-01
211, 1, -1.519130e+11, -5.655448e+10, 9.122602e+03, -2.693467e+04
212, 0, 9.040783e+05, 1.826161e+06, -2.861898e-02, 1.700395e-01
212, 1, -1.511071e+11, -5.887506e+10, 9.531676e+03, -2.678237e+04
213, 0, 9.015530e+05, 1.840831e+06, -2.983907e-02, 1.695641e-01
213, 1, -1.502660e+11, -6.118221e+10, 9.938031e+03, -2.662404e+04
214, 0, 8.989225e+05, 1.855460e+06, -3.105074e-02, 1.690707e-01
214, 1, -1.493900e+11, -6.347543e+10, 1.034158e+04, -2.645973e+04
215, 0, 8.961878e+05, 1.870046e+06, -3.225374e-02, 1.685596e-01
215, 1, -1.484791e+11, -6.575420e+10, 1.074225e+04, -2.628948e+04
216, 0, 8.933495e+05, 1.884587e+06, -3.344783e-02, 1.680308e-01
216, 1, -1.475338e+11, -6.801800e+10, 1.113994e+04, -2.611336e+04
217, 0, 8.904084e+05, 1.899081e+06, -3.463277e-02, 1.674845e-01
217, 1, -1.465543e+11, -7.026634e+10, 1.153459e+04, -2.593141e+04
218, 0, 8.873653e+05, 1.913527e+06, -3.580831e-02, 1.669208e-01
218, 1, -1.455408e+11, -7.249870e+10, 1.192611e+04, -2.574369e+04
219, 0, 8.842211e+05, 1.927924e+06, -3.697422e-02, 1.663400e-01
219, 1, -1.444936e+11, -7.471460e+10, 1.231442e+04, -2.555025e+04
220, 0, 8.809766e+05, 1.942270e+06, -3.813027e-02, 1.657422e-01
220, 1, -1.434130e+11, -7.691354e+10, 1.269945e+04, -2.535116e+04
221, 0, 8.776326e+05, 1.956564e+06, -3.927623e-02, 1.651277e-01
221, 1, -1.422993e+11, -7.909504e+10, 1.308112e+04, -2.514647e+04
222, 0, 8.741901e+05, 1.970804e+06, -4.041185e-02, 1.644964e-01
222, 1, -1.411527e+11, -8.125861e+10, 1.345934e+04, -2.493623e+04
223, 0, 8.706499e+05, 1.984988e+06, -4.153694e-02, 1.638487e-01
223, 1, -1.399736e+11, -8.340378e+10, 1.383405e+04, -2.472051e+04
224, 0, 8.670130e+05, 1.999116e+06, -4.265125e-02, 1.631847e-01
224, 1, -1.387624e+11, -8.553008e+10, 1.420518e+04, -2.449937e+04
225, 0, 8.632803e+05, 2.013186e+06, -4.375457e-02, 1.625047e-01
225, 1, -1.375192e+11, -8.763704e+10, 1.457265e+04, -2.427287e+04
226, 0, 8.594527e+05, 2.027196e+06, -4.484669e-02, 1.618087e-01
226, 1, -1.362444e+11, -8.972420e+10, 1.493638e+04, -2.404107e+04
227, 0, 8.555313e+05, 2.041146e+06, -4.592739e-02, 1.610970e-01
227, 1, -1.349383e+11, -9.179111e+10, 1.529631e+04, -2.380403e+04
228, 0, 8.515169e+05, 2.055033e+06, -4.699647e-02, 1.603697e-01
228, 1, -1.336013e+11, -9.383732e+10, 1.565238e+04, -2.356182e+04
229, 0, 8.474108e+05, 2.068857e+06, -4.805371e-02, 1.596271e-01
229, 1, -1.322337e+11, -9.586237e+10, 1.600450e+04, -2.331450e+04
230, 0, 8.432138e+05, 2.082616e+06, -4.909892e-02, 1.588694e-01
230, 1, -1.308359e+11, -9.786584e+10, 1.635261e+04, -2.306213e+04
231, 0, 8.389270e+05, 2.096309e+06, -5.013190e-02, 1.580967e-01
231, 1, -1.294082e+11, -9.984729e+10, 1.669664e+04, -2.280479e+04
232, 0, 8.345515e+05, 2.109934e+06, -5.115244e-02, 1.573093e-01
232, 1, -1.279509e+11, -1.018063e+11, 1.703654e+04, -2.254253e+04
233, 0, 8.300884e+05, 2.123491e+06, -5.216036e-02, 1.565073e-01
233, 1, -1.264645e+11, -1.037424e+11, 1.737223e+04, -2.227542e+04
234, 0, 8.255388e+05, 2.136978e+06, -5.315547e-02, 1.556910e-01
234, 1, -1.249492e+11, -1.056553e+11, 1.770366e+04, -2.200354e+04
235, 0, 8.209037e+05, 2.150394e+06, -5.413757e-02, 1.548605e-01
235, 1, -1.234055e+11, -1.075444e+11, 1.803075e+04, -2.172695e+04
236, 0, 8.161844e+05, 2.163737e+06, -5.510649e-02, 1.540161e-01
236, 1, -1.218337e+11, -1.094095e+11, 1.835345e+04, -2.144573e+04
237, 0, 8.113819e+05, 2.177007e+06, -5.606204e-02, 1.531580e-01
237, 1, -1.202342e+11, -1.112501e+11, 1.867170e+04, -2.115993e+04
238, 0, 8.064974e+05, 2.190203e+06, -5.700405e-02, 1.522864e-01
238, 1, -1.186074e+11, -1.130657e+11, 1.898544e+04, -2.086963e+04
239, 0, 8.015322e+05, 2.203322e+06, -5.793233e-02, 1.514014e-01
239, 1, -1.169537e+11, -1.148561e+11, 1.929461e+04, -2.057490e+04
240, 0, 7.964873e+05, 2.216364e+06, -5.884673e-02, 1.505034e-01
240, 1, -1.152735e+11, -1.166209e+11, 1.959916e+04, -2.027581e+04
241, 0, 7.913641e+05, 2.229328e+06, -5.974707e-02, 1.495926e-01
241, 1, -1.135672e+11, -1.183596e+11, 1.989902e+04, -1.997244e+04
242, 0, 7.861636e+05, 2.242213e+06, -6.063319e-02, 1.486690e-01
242, 1, -1.118351e+11, -1.200720e+11, 2.019414e+04, -1.966486e+04
243, 0, 7.808873e+05, 2.255018e+06, -6.150493e-02, 1.477331e-01
243, 1, -1.100778e+11, -1.217575e+11, 2.048448e+04, -1.935313e+04
244, 0, 7.755362e+05, 2.267741e+06, -6.236212e-02, 1.467849e-01
244, 1, -1.082956e+11, -1.234160e+11, 2.076997e+04, -1.903735e+04
245, 0, 7.701117e+05, 2.280382e+06, -6.320462e-02, 1.458248e-01
245, 1, -1.064890e+11, -1.250470e+11, 2.105057e+04, -1.871757e+04
246, 0, 7.646151e+05, 2.292939e+06, -6.403227e-02, 1.448529e-01
246, 1, -1.046583e+11, -1.266502e+11, 2.132622e+04, -1.839387e+04
247, 0, 7.590476e+05, 2.305412e+06, -6.484493e-02, 1.438695e-01
247, 1, -1.028040e+11, -1.282253e+11, 2.159688e+04, -1.806634e+04
248, 0, 7.534106e+05, 2.317799e+06, -6.564244e-02, 1.428747e-01
248, 1, -1.009266e+11, -1.297719e+11, 2.186250e+04, -1.773504e+04
249, 0, 7.477053e+05, 2.330100e+06, -6.642467e-02, 1.418689e-01
249, 1, -9.902640e+10, -1.312898e+11, 2.212302e+04, -1.740005e+04
250, 0, 7.419330e+05, 2.342314e+06, -6.719148e-02, 1.408523e-01
250, 1, -9.710394e+10, -1.327785e+11, 2.237841e+04, -1.706145e+04
251, 0, 7.360952e+05, 2.354439e+06, -6.794273e-02, 1.398250e-01
251, 1, -9.515963e+10, -1.342378e+11, 2.262862e+04, -1.671931e+04
252, 0, 7.301932e+05, 2.366475e+06, -6.867830e-02, 1.387874e-01
252, 1, -9.319394e+10, -1.356674e+11, 2.287360e+04, -1.637372e+04
253, 0, 7.242283e+05, 2.378421e+06, -6.939805e-02, 1.377396e-01
253, 1, -9.120730e+10, -1.370671e+11, 2.311331e+04, -1.602476e+04
254, 0, 7.182019e+05, 2.390276e+06, -7.010185e-02, 1.366819e-01
254, 1, -8.920019e+10, -1.384364e+11, 2.334772e+04, -1.567249e+04
255, 0, 7.121154e+05, 2.402039e+06, -7.078959e-02, 1.356145e-01
255, 1, -8.717305e+10, -1.397751e+11, 2.357677e+04, -1.531700e+04
256, 0, 7.059702e+05, 2.413710e+06, -7.146114e-02, 1.345377e-01
256, 1, -8.512635e+10, -1.410830e+11, 2.380044e+04, -1.495837e+04
257, 0, 6.997676e+05, 2.425287e+06, -7.211640e-02, 1.334517e-01
257, 1, -8.306057e+10, -1.423598e+11, 2.401867e+04, -1.459667e+04
258, 0, 6.935092e+05, 2.436770e+06, -7.275524e-02, 1.323568e-01
258, 1, -8.097616e+10, -1.436052e+11, 2.423144e+04, -1.423200e+04
259, 0, 6.871962e+05, 2.448158e+06, -7.337757e-02, 1.312531e-01
259, 1, -7.887361e+10, -1.448190e+11, 2.443871e+04, -1.386442e+04
260, 0, 6.808302e+05, 2.459450e+06, -7.398326e-02, 1.301410e-01
260, 1, -7.675339e+10, -1.460008e+11, 2.464044e+04, -1.349402e+04
261, 0, 6.744126e+05, 2.470646e+06, -7.457223e-02, 1.290207e-01
261, 1, -7.461598e+10, -1.471506e+11, 2.483660e+04, -1.312089e+04
262, 0, 6.679449e+05, 2.481744e+06, -7.514437e-02, 1.278923e-01
262, 1, -7.246187e+10, -1.482680e+11, 2.502715e+04, -1.274509e+04
263, 0, 6.614284e+05, 2.492745e+06, -7.569959e-02, 1.267563e-01
263, 1, -7.029154e+10, -1.493529e+11, 2.521207e+04, -1.236672e+04
264, 0, 6.548647e+05, 2.503647e+06, -7.623779e-02, 1.256127e-01
264, 1, -6.810547e+10, -1.504049e+11, 2.539132e+04, -1.198585e+04
265, 0, 6.482553e+05, 2.514451e+06, -7.675889e-02, 1.244619e-01
265, 1, -6.590416e+10, -1.514239e+11, 2.556487e+04, -1.160257e+04
266, 0, 6.416015e+05, 2.525154e+06, -7.726279e-02, 1.233041e-01
266, 1, -6.368811e+10, -1.524097e+11, 2.573270e+04, -1.121696e+04
267, 0, 6.349050e+05, 2.535757e+06, -7.774942e-02, 1.221396e-01
267, 1, -6.145780e+10, -1.533621e+11, 2.589477e+04, -1.082911e+04
268, 0, 6.281672e+05, 2.546260e+06, -7.821869e-02, 1.209685e-01
268, 1, -5.921374e+10, -1.542809e+11, 2.605107e+04, -1.043909e+04
269, 0, 6.213896e+05, 2.556660e+06, -7.867054e-02, 1.197913e-01
269, 1, -5.695642e+10, -1.551659e+11, 2.620156e+04, -1.004699e+04
270, 0, 6.145737e+05, 2.566959e+06, -7.910488e-02, 1.186080e-01
270, 1, -5.468636e+10, -1.560169e+11, 2.634622e+04, -9.652890e+03
271, 0, 6.077210e+05, 2.577156e+06, -7.952166e-02, 1.174189e-01
271, 1, -5.240405e+10, -1.568338e+11, 2.648503e+04, -9.256878e+03
272, 0, 6.008331e+05, 2.587249e+06, -7.992079e-02, 1.162244e-01
272, 1, -5.011000e+10, -1.576164e+11, 2.661796e+04, -8.859036e+03
273, 0, 5.939115e+05, 2.597239e+06, -8.030222e-02, 1.150246e-01
273, 1, -4.780472e+10, -1.583646e+11, 2.674500e+04, -8.459449e+03
274, 0, 5.869576e+05, 2.607125e+06, -8.066589e-02, 1.138199e-01
274, 1, -4.548872e+10, -1.590781e+11, 2.686612e+04, -8.058200e+03
275, 0, 5.799732e+05, 2.616907e+06, -8.101175e-02, 1.126104e-01
275, 1, -4.316251e+10, -1.597570e+11, 2.698131e+04, -7.655373e+03
276, 0, 5.729596e+05, 2.626584e+06, -8.133974e-02, 1.113964e-01
276, 1, -4.082661e+10, -1.604009e+11, 2.709054e+04, -7.251055e+03
277, 0, 5.659184e+05, 2.636156e+06, -8.164980e-02, 1.101782e-01
277, 1, -3.848153e+10, -1.610099e+11, 2.719381e+04, -6.845328e+03
278, 0, 5.588513e+05, 2.645623e+06, -8.194190e-02, 1.089561e-01
278, 1, -3.612778e+10, -1.615837e+11, 2.729110e+04, -6.438278e+03
279, 0, 5.517597e+05, 2.654983e+06, -8.221599e-02, 1.077302e-01
279, 1, -3.376588e+10, -1.621224e+11, 2.738239e+04, -6.029990e+03
280, 0, 5.446451e+05, 2.664238e+06, -8.247204e-02, 1.065008e-01
280, 1, -3.139636e+10, -1.626257e+11, 2.746766e+04, -5.620549e+03
281, 0, 5.375093e+05, 2.673387e+06, -8.270999e-02, 1.052682e-01
281, 1, -2.901973e+10, -1.630936e+11, 2.754691e+04, -5.210040e+03
282, 0, 5.303536e+05, 2.682428e+06, -8.292983e-02, 1.040327e-01
282, 1, -2.663651e+10, -1.635259e+11, 2.762013e+04, -4.798548e+03
283, 0, 5.231798e+05, 2.691363e+06, -8.313152e-02, 1.027945e-01
283, 1, -2.424723e+10, -1.639227e+11, 2.768731e+04, -4.386158e+03
284, 0, 5.159893e+05, 2.700191e+06, -8.331504e-02, 1.015539e-01
284, 1, -2.185241e+10, -1.642838e+11, 2.774843e+04, -3.972957e+03
285, 0, 5.087837e+05, 2.708912e+06, -8.348035e-02, 1.003111e-01
285, 1, -1.945257e+10, -1.646092e+11, 2.780349e+04, -3.559029e+03
286, 0, 5.015647e+05, 2.717525e+06, -8.362745e-02, 9.906632e-02
286, 1, -1.704823e+10, -1.648988e+11, 2.785248e+04, -3.144460e+03
287, 0, 4.943337e+05, 2.726030e+06, -8.375632e-02, 9.781990e-02
287, 1, -1.463992e+10, -1.651525e+11, 2.789540e+04, -2.729335e+03
288, 0, 4.870924e+05, 2.734428e+06, -8.386693e-02, 9.657207e-02
288, 1, -1.222817e+10, -1.653704e+11, 2.793224e+04, -2.313740e+03
289, 0, 4.798423e+05, 2.742718e+06, -8.395929e-02, 9.532308e-02
289, 1, -9.813493e+09, -1.655523e+11, 2.796300e+04, -1.897761e+03
290, 0, 4.725850e+05, 2.750900e+06, -8.403338e-02, 9.407320e-02
290, 1, -7.396424e+09, -1.656983e+11, 2.798767e+04, -1.481482e+03
291, 0, 4.653221e+05, 2.758974e+06, -8.408920e-02, 9.282268e-02
291, 1, -4.977486e+09, -1.658083e+11, 2.800627e+04, -1.064990e+03
292, 0, 4.580552e+05, 2.766940e+06, -8.412676e-02, 9.157177e-02
292, 1, -2.557204e+09, -1.658824e+11, 2.801877e+04, -6.483703e+02
293, 0, 4.507858e+05, 2.774797e+06, -8.414605e-02, 9.032074e-02
293, 1, -1.361042e+08, -1.659204e+11, 2.802520e+04, -2.317077e+02
294, 0, 4.435155e+05, 2.782547e+06, -8.414708e-02, 8.906983e-02
294, 1, 2.285288e+09, -1.659224e+11, 2.802554e+04, 1.849120e+02
295, 0, 4.362460e+05, 2.790189e+06, -8.412986e-02, 8.781931e-02
295, 1, 4.706447e+09, -1.658884e+11, 2.801981e+04, 6.014035e+02
296, 0, 4.289787e+05, 2.797722e+06, -8.409440e-02, 8.656943e-02
296, 1, 7.126848e+09, -1.658185e+11, 2.800800e+04, 1.017681e+03
297, 0, 4.217152e+05, 2.805148e+06, -8.404072e-02, 8.532044e-02
297, 1, 9.545966e+09, -1.657126e+11, 2.799012e+04, 1.433661e+03
298, 0, 4.144572e+05, 2.812466e+06, -8.396885e-02, 8.407261e-02
298, 1, 1.196328e+10, -1.655708e+11, 2.796618e+04, 1.849256e+03
299, 0, 4.072062e+05, 2.819676e+06, -8.387879e-02, 8.282619e-02
299, 1, 1.437826e+10, -1.653930e+11, 2.793619e+04, 2.264382e+03
300, 0, 3.999637e+05, 2.826778e+06, -8.377058e-02, 8.158143e-02
300, 1, 1.679039e+10, -1.651795e+11, 2.790015e+04, 2.678955e+03
301, 0, 3.927314e+05, 2.833773e+06, -8.364425e-02, 8.033859e-02
301, 1, 1.919915e+10, -1.649302e+11, 2.785807e+04, 3.092889e+03
302, 0, 3.855108e+05, 2.840661e+06, -8.349984e-02, 7.909792e-02
302, 1, 2.160401e+10, -1.646451e+11, 2.780997e+04, 3.506100e+03
303, 0, 3.783034e+05, 2.847441e+06, -8.333736e-02, 7.785967e-02
303, 1, 2.400445e+10, -1.643243e+11, 2.775586e+04, 3.918503e+03
304, 0, 3.711109e+05, 2.854115e+06, -8.315688e-02, 7.662411e-02
304, 1, 2.639996e+10, -1.639680e+11, 2.769575e+04, 4.330013e+03
305, 0, 3.639347e+05, 2.860682e+06, -8.295842e-02, 7.539147e-02
305, 1, 2.879002e+10, -1.635762e+11, 2.762965e+04, 4.740548e+03
306, 0, 3.567764e+05, 2.867143e+06, -8.274204e-02, 7.416202e-02
306, 1, 3.117411e+10, -1.631489e+11, 2.755759e+04, 5.150022e+03
307, 0, 3.496376e+05, 2.873497e+06, -8.250778e-02, 7.293600e-02
307, 1, 3.355171e+10, -1.626863e+11, 2.747957e+04, 5.558352e+03
308, 0, 3.425199e+05, 2.879746e+06, -8.225570e-02, 7.171367e-02
308, 1, 3.592232e+10, -1.621884e+11, 2.739561e+04, 5.965455e+03
309, 0, 3.354246e+05, 2.885890e+06, -8.198585e-02, 7.049528e-02
309, 1, 3.828542e+10, -1.616555e+11, 2.730574e+04, 6.371246e+03
310, 0, 3.283535e+05, 2.891928e+06, -8.169830e-02, 6.928107e-02
310, 1, 4.064050e+10, -1.610876e+11, 2.720996e+04, 6.775643e+03
311, 0, 3.213079e+05, 2.897862e+06, -8.139309e-02, 6.807129e-02
311, 1, 4.298704e+10, -1.604847e+11, 2.710831e+04, 7.178563e+03
312, 0, 3.142895e+05, 2.903691e+06, -8.107031e-02, 6.686620e-02
312, 1, 4.532456e+10, -1.598472e+11, 2.700081e+04, 7.579924e+03
313, 0, 3.072997e+05, 2.909416e+06, -8.073001e-02, 6.566604e-02
313, 1, 4.765253e+10, -1.591750e+11, 2.688747e+04, 7.979642e+03
314, 0, 3.003401e+05, 2.915038e+06, -8.037228e-02, 6.447106e-02
314, 1, 4.997046e+10, -1.584684e+11, 2.676833e+04, 8.377636e+03
315, 0, 2.934122e+05, 2.920557e+06, -7.999718e-02, 6.328150e-02
315, 1, 5.227785e+10, -1.577274e+11, 2.664340e+04, 8.773824e+03
316, 0, 2.865173e+05, 2.925974e+06, -7.960479e-02, 6.209761e-02
316, 1, 5.457419e+10, -1.569523e+11, 2.651271e+04, 9.168124e+03
317, 0, 2.796572e+05, 2.931288e+06, -7.919520e-02, 6.091963e-02
317, 1, 5.685900e+10, -1.561433e+11, 2.637630e+04, 9.560456e+03
318, 0, 2.728332e+05, 2.936501e+06, -7.876850e-02, 5.974780e-02
318, 1, 5.913177e+10, -1.553004e+11, 2.623418e+04, 9.950738e+03
319, 0, 2.660467e+05, 2.941613e+06, -7.832476e-02, 5.858237e-02
319, 1, 6.139202e+10, -1.544239e+11, 2.608639e+04, 1.033889e+04
320, 0, 2.592994e+05, 2.946624e+06, -7.786409e-02, 5.742357e-02
320, 1, 6.363926e+10, -1.535139e+11, 2.593296e+04, 1.072483e+04
321, 0, 2.525925e+05, 2.951536e+06, -7.738657e-02, 5.627165e-02
321, 1, 6.587299e+10, -1.525707e+11, 2.577392e+04, 1.110848e+04
322, 0, 2.459277e+05, 2.956348e+06, -7.689230e-02, 5.512684e-02
322, 1, 6.809275e+10, -1.515945e+11, 2.560931e+04, 1.148977e+04
323, 0, 2.393063e+05, 2.961062e+06, -7.638140e-02, 5.398939e-02
323, 1, 7.029804e+10, -1.505854e+11, 2.543915e+04, 1.186860e+04
324, 0, 2.327297e+05, 2.965678e+06, -7.585395e-02, 5.285952e-02
324, 1, 7.248840e+10, -1.495437e+11, 2.526348e+04, 1.224491e+04
325, 0, 2.261994e+05, 2.970196e+06, -7.531007e-02, 5.173748e-02
325, 1, 7.466334e+10, -1.484696e+11, 2.508234e+04, 1.261861e+04
326, 0, 2.197168e+05, 2.974618e+06, -7.474988e-02, 5.062349e-02
326, 1, 7.682239e+10, -1.473633e+11, 2.489576e+04, 1.298963e+04
327, 0, 2.132833e+05, 2.978945e+06, -7.417347e-02, 4.951779e-02
327, 1, 7.896509e+10, -1.462251e+11, 2.470379e+04, 1.335789e+04
328, 0, 2.069003e+05, 2.983175e+06, -7.358098e-02, 4.842060e-02
328, 1, 8.109097e+10, -1.450552e+11, 2.450646e+04, 1.372331e+04
329, 0, 2.005692e+05, 2.987312e+06, -7.297252e-02, 4.733217e-02
329, 1, 8.319958e+10, -1.438538e+11, 2.430381e+04, 1.408582e+04
330, 0, 1.942914e+05, 2.991355e+06, -7.234822e-02, 4.625270e-02
330, 1, 8.529044e+10, -1.426213e+11, 2.409588e+04, 1.444534e+04
331, 0, 1.880681e+05, 2.995305e+06, -7.170819e-02, 4.518245e-02
331, 1, 8.736312e+10, -1.413578e+11, 2.388272e+04, 1.480179e+04
332, 0, 1.819009e+05, 2.999163e+06, -7.105259e-02, 4.412161e-02
332, 1, 8.941715e+10, -1.400637e+11, 2.366437e+04, 1.515511e+04
333, 0, 1.757909e+05, 3.002929e+06, -7.038152e-02, 4.307043e-02
333, 1, 9.145210e+10, -1.387391e+11, 2.344086e+04, 1.550521e+04
334, 0, 1.697396e+05, 3.006606e+06, -6.969514e-02, 4.202912e-02
334, 1, 9.346751e+10, -1.373845e+11, 2.321226e+04, 1.585202e+04
335, 0, 1.637483e+05, 3.010193e+06, -6.899358e-02, 4.099789e-02
335, 1, 9.546296e+10, -1.360001e+11, 2.297860e+04, 1.619547e+04
336, 0, 1.578182e+05, 3.013691e+06, -6.827698e-02, 3.997698e-02
336, 1, 9.743800e+10, -1.345861e+11, 2.273994e+04, 1.653549e+04
337, 0, 1.519506e+05, 3.017101e+06, -6.754550e-02, 3.896659e-02
337, 1, 9.939221e+10, -1.331429e+11, 2.249631e+04, 1.687201e+04
338, 0, 1.461469e+05, 3.020425e+06, -6.679927e-02, 3.796694e-02
338, 1, 1.013252e+11, -1.316707e+11, 2.224778e+04, 1.720494e+04
339, 0, 1.404084e+05, 3.023662e+06, -6.603845e-02, 3.697825e-02
339, 1, 1.032364e+11, -1.301700e+11, 2.199439e+04, 1.753423e+04
340, 0, 1.347361e+05, 3.026815e+06, -6.526320e-02, 3.600071e-02
340, 1, 1.051256e+11, -1.286410e+11, 2.173619e+04, 1.785981e+04
341, 0, 1.291315e+05, 3.029884e+06, -6.447367e-02, 3.503455e-02
341, 1, 1.069922e+11, -1.270840e+11, 2.147323e+04, 1.818159e+04
342, 0, 1.235957e+05, 3.032869e+06, -6.367003e-02, 3.407997e-02
342, 1, 1.088359e+11, -1.254994e+11, 2.120557e+04, 1.849952e+04
343, 0, 1.181299e+05, 3.035773e+06, -6.285243e-02, 3.313717e-02
343, 1, 1.106563e+11, -1.238875e+11, 2.093327e+04, 1.881352e+04
344, 0, 1.127354e+05, 3.038596e+06, -6.202104e-02, 3.220635e-02
344, 1, 1.124530e+11, -1.222486e+11, 2.065637e+04, 1.912353e+04
345, 0, 1.074133e+05, 3.041339e+06, -6.117605e-02, 3.128772e-02
345, 1, 1.142256e+11, -1.205831e+11, 2.037494e+04, 1.942949e+04
346, 0, 1.021647e+05, 3.044003e+06, -6.031760e-02, 3.038148e-02
346, 1, 1.159736e+11, -1.188913e+11, 2.008903e+04, 1.973132e+04
347, 0, 9.699096e+04, 3.046589e+06, -5.944589e-02, 2.948781e-02
347, 1, 1.176968e+11, -1.171737e+11, 1.979871e+04, 2.002895e+04
348, 0, 9.189305e+04, 3.049099e+06, -5.856110e-02, 2.860693e-02
348, 1, 1.193946e+11, -1.154305e+11, 1.950402e+04, 2.032234e+04
349, 0, 8.687216e+04, 3.051533e+06, -5.766339e-02, 2.773900e-02
349, 1, 1.210669e+11, -1.136622e+11, 1.920504e+04, 2.061140e+04
350, 0, 8.192937e+04, 3.053893e+06, -5.675297e-02, 2.688424e-02
350, 1, 1.227131e+11, -1.118691e+11, 1.890182e+04, 2.089609e+04
351, 0, 7.706578e+04, 3.056179e+06, -5.583001e-02, 2.604281e-02
351, 1, 1.243329e+11, -1.100515e+11, 1.859442e+04, 2.117633e+04
352, 0, 7.228248e+04, 3.058394e+06, -5.489470e-02, 2.521492e-02
352, 1, 1.259260e+11, -1.082100e+11, 1.828291e+04, 2.145206e+04
353, 0, 6.758051e+04, 3.060537e+06, -5.394724e-02, 2.440073e-02
353, 1, 1.274920e+11, -1.063448e+11, 1.796736e+04, 2.172323e+04
354, 0, 6.296091e+04, 3.062611e+06, -5.298782e-02, 2.360043e-02
354, 1, 1.290306e+11, -1.044564e+11, 1.764782e+04, 2.198977e+04
355, 0, 5.842472e+04, 3.064616e+06, -5.201665e-02, 2.281419e-02
355, 1, 1.305414e+11, -1.025452e+11, 1.732437e+04, 2.225163e+04
356, 0, 5.397293e+04, 3.066554e+06, -5.103392e-02, 2.204220e-02
356, 1, 1.320241e+11, -1.006115e+11, 1.699706e+04, 2.250875e+04
357, 0, 4.960655e+04, 3.068425e+06, -5.003983e-02, 2.128461e-02
357, 1, 1.334783e+11, -9.865587e+10, 1.666598e+04, 2.276107e+04
358, 0, 4.532653e+04, 3.070232e+06, -4.903460e-02, 2.054160e-02
358, 1, 1.349038e+11, -9.667863e+10, 1.633118e+04, 2.300853e+04
359, 0, 4.113384e+04, 3.071976e+06, -4.801843e-02, 1.981334e-02
359, 1, 1.363002e+11, -9.468021e+10, 1.599274e+04, 2.325108e+04
